n = 212;
x = [0, 1, 2, 3, 6, 7, 8, 9, 10, 14, 15, 16, 17, 20, 21, 22, 23, 24, 27, 28, 29, 30, 31, 34, 35, 36, 37, 38, 41, 42, 43, 44, 45, 49, 50, 51, 52, 55, 56, 57, 58, 59, 62, 63, 64, 65, 66, 69, 70, 71, 72, 73, 76, 77, 78, 79, 80, 83, 84, 85, 86, 87, 90, 91, 92, 93, 97, 98, 99, 100, 101, 104, 105, 106, 107, 108, 111, 112, 113, 114, 115, 118, 119, 120, 121, 122, 125, 126, 127, 128, 129, 132, 133, 134, 135, 136, 139, 140, 141, 142, 143, 147, 148, 149, 150, 153, 154, 155, 156, 157, 160, 161, 162, 163, 164, 168, 169, 170, 171, 174, 175, 176, 177, 178, 181, 183, 184, 185, 188, 189, 190, 191, 192, 195, 196, 197, 198, 199, 202, 203, 204, 205, 206, 209, 210, 211, 212, 213, 216, 217, 218, 219, 220, 223, 224, 225, 226, 227, 230, 231, 232, 233, 234, 237, 238, 239, 240, 241, 245, 246, 247, 248, 251, 252, 253, 254, 255, 258, 259, 260, 261, 262, 265, 266, 267, 268, 269, 272, 273, 274, 275, 276, 279, 280, 281, 282, 283, 286, 287, 288, 289, 290, 293, 294, 295, 296, 297, 300, 301, 302, 303, 304];
y = [171.059998, 172.669998, 170.520004, 173.710007, 174.100006, 174.740005, 174.619995, 176.639999, 178.759995, 177.589996, 177.080002, 179.889999, 179.289993, 179.630005, 180.279999, 181.110001, 179.470001, 179.220001, 178.759995, 179.410004, 181.669998, 177.899994, 173.460007, 173.820007, 173.979996, 174.410004, 173.029999, 173.360001, 172.479996, 172.610001, 170.889999, 170.75, 171.259995, 170.619995, 169.660004, 169.570007, 168.350006, 169.009995, 169.779999, 170.759995, 170.660004, 172.490005, 171.619995, 168.619995, 168.539993, 170.199997, 173.869995, 177.860001, 176.830002, 178.210007, 178.570007, 183.770004, 183.839996, 180.369995, 183.440002, 185.740005, 183.649994, 181.949997, 183.440002, 182.529999, 184.179993, 183.220001, 184.539993, 187.979996, 187.830002, 186.490005, 185.110001, 186.279999, 187.190002, 189.720001, 186.360001, 185.529999, 186.25, 185.360001, 186.089996, 184.25, 184.809998, 185.75, 184.740005, 184.75, 184.800003, 183.970001, 187.520004, 189.110001, 190.440002, 187.460007, 187.690002, 189.020004, 188.75, 187.130005, 186.809998, 187.210007, 184.869995, 184.229996, 181.839996, 183.639999, 183.210007, 183.429993, 181.949997, 180.199997, 180.919998, 182.039993, 182.320007, 183.759995, 181.050003, 182.139999, 182.339996, 180.149994, 182.529999, 182.039993, 181.880005, 180.539993, 180.639999, 181.910004, 181.630005, 179.75, 179.490005, 177.710007, 178.199997, 178.509995, 177.690002, 177.279999, 177.089996, 178.270004, 178.470001, 177.839996, 177.309998, 178.639999, 178.779999, 179.449997, 181.880005, 182.009995, 181.429993, 181.559998, 183.639999, 183.669998, 182.740005, 182.179993, 181.399994, 182.410004, 183.300003, 180.419998, 181.860001, 182.350006, 180.460007, 179.600006, 179.539993, 180.190002, 179.779999, 178.639999, 177.789993, 177.600006, 177.600006, 177.059998, 176.589996, 175.570007, 175.300003, 175.330002, 175.809998, 176.100006, 177.889999, 177.850006, 177.619995, 178.130005, 179.869995, 180.320007, 180.020004, 180.110001, 178.639999, 177.830002, 178.020004, 178.080002, 178.410004, 177.490005, 177.080002, 177.169998, 178.339996, 179.389999, 179.220001, 179.350006, 178.050003, 178.619995, 177.699997, 176.279999, 174.100006, 173.229996, 171.449997, 169.649994, 169.160004, 169.139999, 168.830002, 169.699997, 172.820007, 172.529999, 173.789993, 173.259995, 178.830002, 177.960007, 178.289993, 180.869995, 183.089996, 183.589996, 182.970001, 182.949997, 183.720001, 184.009995, 186.149994, 185.100006, 184.089996, 183.509995, 184.119995, 184.789993];
