bond_profit = 0.00135 ;
stock_profit = 0.037923036268779985 ;
gold_profit = -0.0014083495231296589 ;
max_bond = 540.7249492039117 ;
max_stock = 52213.76753188627 ;
max_gold = 0 ;
last_week_bond = [0.0, 0.0, 529.5289753625365] ;
gold_price = 186.770004; 
total_money = 54072.494920391175 ;
