bond_profit = 0.00135 ;
stock_profit = 0.00029320770463216704 ;
gold_profit = -0.003940901763264896 ;
max_bond = 0.049999999999999996 ;
max_stock = 8921.80896564752 ;
max_gold = 0 ;
last_week_bond = [0, 0, 0] ;
gold_price = 183.970001; 
total_money = 50000 ;
