sampleNumber  = 31; 
 featureNumber = 4; 
sample        = [|0.0, 0.0, -0.0001093413518886, 0.0041911822110212, 0.0015759687401763, 0.0114961002899628, -0.0056725443866273, 0.0, 0.0, -0.0054865012871204, -0.0031605962389133, 0.0033130567921207, 0.0036257266376974, -0.0078537603102123, 0.0, 0.0, -0.0041623857640042, -0.0100679977857389, 0.0039671661257599, -0.0110300821968157, 0.0055398594410243, 0.0, 0.0, 0.0088403253031057, -0.0026425677309104, 0.011160122911861, -0.0001089127250929, -0.0016360528340528, 0.0, 0.0, 0.0106825515829765|-0.0033885062939908, 0.0, -0.0001093413518886, 0.0040822991286615, 0.0057605457790486, 0.0130539515354483, 0.0058887680425034, -0.0056725443866273, 0.0, -0.0054865012871204, -0.0086644381413666, 0.0001629317880438, 0.0069267711915547, -0.0041995580845521, -0.0078537603102123, 0.0, -0.0041623857640042, -0.0142722904403985, -0.0060608902402091, -0.0070191579026003, -0.0054291176507981, 0.0055398594410243, 0.0, 0.0088403253031057, 0.006221118730572, 0.0085470465616305, 0.0110524256661667, -0.0017451437461183, -0.0016360528340528, 0.0, 0.0106825515829765|-0.0006558178900595, -0.0033885062939908, -0.0001093413518886, 0.0040822991286615, 0.005651834293023, 0.0171904222570106, 0.0074554562683267, 0.0058887680425034, -0.0056725443866273, -0.0054865012871204, -0.0086644381413666, -0.0053226755736117, 0.0037880676796172, -0.0008725879179954, -0.0041995580845521, -0.0078537603102123, -0.0041623857640042, -0.0142722904403985, -0.0102485037674664, -0.0171578245545603, -0.0014404133134012, -0.0054291176507981, 0.0055398594410243, 0.0088403253031057, 0.006221118730572, 0.0173118131927506, 0.00843906471867, 0.0094344551844482, -0.0017451437461183, -0.0016360528340528, 0.0106825515829765|0.0114773240887723, -0.0006558178900595, -0.0034982181497385, 0.0040822991286615, 0.005651834293023, 0.0170829605291311, 0.011615391303661, 0.0074554562683267, 0.0058887680425034, -0.0111901680958262, -0.0086644381413666, -0.0053226755736117, -0.0016776503693032, -0.0040359420550005, -0.0008725879179954, -0.0041995580845521, -0.0120488364543257, -0.0142722904403985, -0.0102485037674664, -0.0213916278032318, -0.01152291317719, -0.0014404133134012, -0.0054291176507981, 0.0143312105845378, 0.006221118730572, 0.0173118131927506, 0.0172047859444087, 0.0068168186403669, 0.0094344551844482, -0.0017451437461183, 0.0090639759677159|]; 
profit        = [0.0116412799276314, 0.0116412799276314, 0.0062312053495142, -0.0011430764144182, 0.0005977936144174, -0.0073059416805567, -0.0094543486940783, -0.0094543486940783, -0.0094543486940783, -0.0081481885631634, -0.0149310177900664, -0.0142841085782127, -0.028572964987341, -0.0154895604421196, -0.0154895604421196, -0.0154895604421196, -0.0025740785930025, 0.0048127177117282, 0.0121218631295976, 0.0231742137812437, 0.0158439980013294, 0.0158439980013294, 0.0158439980013294, 0.0177356198587641, 0.0160757488222625, 0.0099624474934678, 0.0100724452558659, 0.0185417957828924, 0.0185417957828924, 0.0185417957828924, 0.0210951652194712]; 
