sampleNumber  = 11; 
 featureNumber = 4; 
sample        = [|-0.0099864097693352, 0.0030301282726057, 0.0, 0.0, 0.0050605760430686, -0.0054671157987681, 5.41001353180164e-05, 0.0002705789999365, -0.0045116159998281, 0.0, 0.0|-0.0060244287652646, -0.0069260213941456, 0.0030301282726057, 0.0, 0.0050605760430686, -0.0003788730004636, -0.0054127198917456, 0.000324664496894, -0.0042398162513463, -0.0045116159998281, 0.0|-0.010854816824966, -0.0029760457007309, -0.0069260213941456, 0.0030301282726057, 0.0050605760430686, -0.0003788730004636, -0.0003247523680649, -0.0051406763234738, -0.0041854867413954, -0.0042398162513463, -0.0045116159998281|-0.0069470773405698, -0.007791797065005, -0.0029760457007309, -0.0069260213941456, 0.0080753701211305, -0.0003788730004636, -0.0003247523680649, -5.408549695750562e-05, -0.0096754850808529, -0.0041854867413954, -0.0042398162513463|]; 
profit        = [0.0029850909090909, -0.0045451924089085, -0.0045451924089085, -0.0045451924089085, 0.0095289582772543, 0.0236548440063104, 0.0307983870094722, 0.0143939608052927, 0.0202206934814334, 0.0202206934814334, 0.0202206934814334]; 
