n = 212;
x = [0, 1, 2, 3, 6, 7, 8, 9, 10, 14, 15, 16, 17, 20, 21, 22, 23, 24, 27, 28, 29, 30, 31, 34, 35, 36, 37, 38, 41, 42, 43, 44, 45, 49, 50, 51, 52, 55, 56, 57, 58, 59, 62, 63, 64, 65, 66, 69, 70, 71, 72, 73, 76, 77, 78, 79, 80, 83, 84, 85, 86, 87, 90, 91, 92, 93, 97, 98, 99, 100, 101, 104, 105, 106, 107, 108, 111, 112, 113, 114, 115, 118, 119, 120, 121, 122, 125, 126, 127, 128, 129, 132, 133, 134, 135, 136, 139, 140, 141, 142, 143, 147, 148, 149, 150, 153, 154, 155, 156, 157, 160, 161, 162, 163, 164, 168, 169, 170, 171, 174, 175, 176, 177, 178, 181, 183, 184, 185, 188, 189, 190, 191, 192, 195, 196, 197, 198, 199, 202, 203, 204, 205, 206, 209, 210, 211, 212, 213, 216, 217, 218, 219, 220, 223, 224, 225, 226, 227, 230, 231, 232, 233, 234, 237, 238, 239, 240, 241, 245, 246, 247, 248, 251, 252, 253, 254, 255, 258, 259, 260, 261, 262, 265, 266, 267, 268, 269, 272, 273, 274, 275, 276, 279, 280, 281, 282, 283, 286, 287, 288, 289, 290, 293, 294, 295, 296, 297, 300, 301, 302, 303, 304];
y = [10386.980469, 10458.759766, 10305.240234, 10569.290039, 10635.650391, 10742.629883, 10931.669922, 11001.099609, 11079.160156, 11095.110352, 10957.009766, 10852.269531, 11140.429688, 11364.410156, 11334.269531, 11313.360352, 11512.410156, 11621.709961, 11393.80957, 11584.549805, 11816.320313, 12200.820313, 12006.950195, 11887.450195, 12113.790039, 11910.519531, 11789.580078, 11718.120117, 11891.790039, 11960.150391, 12070.589844, 11855.830078, 11787.269531, 11492.299805, 11507.070313, 11590.400391, 11394.94043, 11466.980469, 11455.540039, 11379.480469, 11462.980469, 11689.009766, 11675.740234, 11530.330078, 11576.0, 11338.349609, 11138.889648, 11188.839844, 11428.150391, 11434.049805, 11717.280273, 11630.509766, 11675.540039, 11860.110352, 11669.959961, 11787.400391, 11823.959961, 11768.839844, 11716.080078, 11926.240234, 12013.469727, 12221.910156, 12189.450195, 12126.330078, 11996.860352, 12087.959961, 12084.360352, 12031.879883, 11929.339844, 12166.269531, 12123.469727, 12157.719727, 12153.410156, 12157.230469, 12059.55957, 12072.459961, 12037.200195, 11799.160156, 11854.349609, 12142.240234, 12226.580078, 12212.599609, 12080.509766, 12025.330078, 11966.400391, 12235.410156, 12256.919922, 12179.549805, 12306.44043, 12328.509766, 12284.740234, 12365.209961, 12343.049805, 12500.570313, 12688.839844, 12657.900391, 12720.780273, 12560.25, 12484.160156, 12698.089844, 12975.69043, 13017.429688, 12935.290039, 13100.980469, 13240.769531, 13229.429688, 13276.419922, 13104.900391, 13238.519531, 13259.139648, 13461.919922, 13573.320313, 13626.480469, 13782.820313, 13689.570313, 13667.290039, 13502.200195, 13630.610352, 13492.519531, 13335.780273, 13555.669922, 13591.75, 13591.330078, 13787.919922, 13816.769531, 13791.650391, 13679.040039, 13660.719727, 13685.480469, 13760.700195, 13918.959961, 14138.570313, 14113.700195, 14244.950195, 14353.639648, 14358.019531, 14063.30957, 14032.80957, 14058.870117, 14144.55957, 14127.280273, 14050.110352, 14316.660156, 14346.019531, 14283.910156, 13973.450195, 13959.719727, 13909.240234, 13994.400391, 13884.320313, 13722.019531, 13737.990234, 13644.849609, 13788.330078, 13631.049805, 13474.629883, 13316.929688, 13290.780273, 13497.589844, 13505.870117, 13721.030273, 13463.969727, 13590.650391, 13705.129883, 13943.759766, 14019.30957, 14034.969727, 14031.80957, 14020.950195, 13872.469727, 13748.830078, 13761.530273, 13917.889648, 13773.610352, 13813.589844, 13926.049805, 13708.330078, 13710.240234, 13678.19043, 13469.129883, 13223.980469, 13211.80957, 13271.320313, 13063.610352, 13092.849609, 13201.280273, 13219.320313, 13307.769531, 13059.469727, 13236.009766, 13219.830078, 13431.339844, 13484.240234, 13562.839844, 13659.679688, 13574.219727, 13407.230469, 13567.980469, 13533.75, 13314.299805, 13186.179688, 12983.80957, 13018.330078, 13139.870117, 12821.219727, 12595.610352, 12643.009766, 12789.480469, 12851.240234, 13061.469727, 13294.19043, 13478.280273];
