sampleNumber  = 11; 
 featureNumber = 4; 
sample        = [|0.0010685801437052, -0.0029292331629283, 0.0, 0.0, -0.0201743205323773, 0.0046556289311815, 0.0237098442669471, 0.0068980731702528, -0.0011447578277844, 0.0, 0.0|-0.0070218089994789, -0.0018575228988288, -0.0029292331629283, 0.0, -0.0201743205323773, -0.0154247674508583, 0.0282550889612056, 0.0304443651965913, 0.0057612119657266, -0.0011447578277844, 0.0|-0.0067053604038869, -0.0099716106781923, -0.0018575228988288, -0.0029292331629283, -0.0201743205323773, -0.0154247674508583, 0.0086507956502025, 0.0349582564603721, 0.0293344587941776, 0.0057612119657266, -0.0011447578277844|-0.0070623357853685, -0.0096542351308796, -0.0099716106781923, -0.0018575228988288, -0.0231626489840486, -0.0154247674508583, 0.0086507956502025, 0.0154891949990794, 0.0338535173703164, 0.0293344587941776, 0.0057612119657266|]; 
profit        = [0.0127662562143825, 0.0145714461135953, 0.0145714461135953, 0.0145714461135953, 0.0238448844053472, 0.0144234373575576, -0.0144816639772638, 0.0007222034243154, 0.0036290646069602, 0.0036290646069602, 0.0036290646069602]; 
