sampleNumber  = 31; 
 featureNumber = 4; 
sample        = [|0.0, 0.0, 0.0092497138798011, -0.0248533600378878, -0.0179117461317923, 0.0037490609338503, 0.0114524357228603, 0.0, 0.0, 0.0048057435605791, 0.0160953933511343, 0.0175054437669884, 0.0136582590116316, 0.0029958324036738, 0.0, 0.0, 0.0088769295194613, 0.0007728561910913, -0.0095374356404232, 0.0200505830104409, -0.0022058898180689, 0.0, 0.0, 0.0231751699408908, 0.0006707365585993, 0.0006964934035106, 0.0008361164794302, 0.0111344091097366, 0.0, 0.0, -0.0059542197388637|0.0026516848008285, 0.0, 0.0092497138798011, -0.0153737596887844, -0.0432102732452008, -0.0140955329702622, 0.0151585607773447, 0.0114524357228603, 0.0, 0.0048057435605791, 0.0208237865787613, 0.0333190801149069, 0.030924608893537, 0.0166131735603807, 0.0029958324036738, 0.0, 0.0088769295194613, 0.0096429251206156, -0.00875720838315, 0.0107043785150327, 0.017888922569281, -0.0022058898180689, 0.0, 0.0231751699408908, 0.023830362065759, 0.0013667627985213, 0.0015320275333283, 0.0119612159262215, 0.0111344091097366, 0.0, -0.0059542197388637|-0.0128933287905837, 0.0026516848008285, 0.0092497138798011, -0.0153737596887844, -0.0335608767012135, -0.0392992143639858, -0.0024816690620804, 0.0151585607773447, 0.0114524357228603, 0.0048057435605791, 0.0208237865787613, 0.0379647007207794, 0.0465222585002999, 0.0338277963518166, 0.0166131735603807, 0.0029958324036738, 0.0088769295194613, 0.0096429251206156, 0.0001974582579157, 0.0114689617609169, 0.0085221013765388, 0.017888922569281, -0.0022058898180689, 0.0231751699408908, 0.023830362065759, 0.0245102577792876, 0.0022017365050522, 0.0126493784217415, 0.0119612159262215, 0.0111344091097366, -0.0059542197388637|-0.0227348458079248, -0.0128933287905837, 0.0118768713549226, -0.0153737596887844, -0.0335608767012135, -0.0296859939956168, -0.027396706914663, -0.0024816690620804, 0.0151585607773447, 0.0162031418142114, 0.0208237865787613, 0.0379647007207794, 0.0511044280166676, 0.0493787180144665, 0.0338277963518166, 0.0166131735603807, 0.0118461681300356, 0.0096429251206156, 0.0001974582579157, 0.0202440821151652, 0.0092883712088201, 0.0085221013765388, 0.017888922569281, 0.0210204019942265, 0.023830362065759, 0.0245102577792876, 0.0253258808282735, 0.0133116305797898, 0.0126493784217415, 0.0119612159262215, 0.0052464860893746|]; 
profit        = [-0.0175790295397978, -0.0175790295397978, -0.0219659616442158, 0.018738466785189, 0.0554621855136282, 0.0660657962351843, 0.0570234112142182, 0.0570234112142182, 0.0570234112142182, 0.0613652926597371, 0.0450899049884541, 0.0170946674937917, 0.0237292942810137, 0.0184158597131154, 0.0184158597131154, 0.0184158597131154, 0.0333228874248228, 0.0332172940459738, 0.0437985362856265, 0.0237257210334275, 0.0375363008174548, 0.0375363008174548, 0.0375363008174548, 0.0074923896529403, 0.0114876877355442, 0.0097196326510491, 0.0088753894265853, -0.0030460043955552, -0.0030460043955552, -0.0030460043955552, 0.0057591133437494]; 
